     -50.000       0.426058
     -49.900       0.426118
     -49.800       0.426173
     -49.700       0.426225
     -49.600       0.426272
     -49.500       0.426314
     -49.400       0.426353
     -49.300       0.426387
     -49.200       0.426417
     -49.100       0.426443
     -49.000       0.426465
     -48.900       0.426482
     -48.800       0.426495
     -48.700       0.426503
     -48.600       0.426507
     -48.500       0.426507
     -48.400       0.426503
     -48.300       0.426493
     -48.200       0.426480
     -48.100       0.426462
     -48.000       0.426440
     -47.900       0.426413
     -47.800       0.426381
     -47.700       0.426345
     -47.600       0.426305
     -47.500       0.426261
     -47.400       0.426212
     -47.300       0.426158
     -47.200       0.426100
     -47.100       0.426038
     -47.000       0.425972
     -46.900       0.425901
     -46.800       0.425827
     -46.700       0.425747
     -46.600       0.425664
     -46.500       0.425576
     -46.400       0.425484
     -46.300       0.425388
     -46.200       0.425287
     -46.100       0.425182
     -46.000       0.425073
     -45.900       0.424959
     -45.800       0.424842
     -45.700       0.424720
     -45.600       0.424593
     -45.500       0.424463
     -45.400       0.424328
     -45.300       0.424190
     -45.200       0.424047
     -45.100       0.423900
     -45.000       0.423749
     -44.900       0.423594
     -44.800       0.423435
     -44.700       0.423272
     -44.600       0.423106
     -44.500       0.422935
     -44.400       0.422761
     -44.300       0.422582
     -44.200       0.422400
     -44.100       0.422215
     -44.000       0.422025
     -43.900       0.421833
     -43.800       0.421636
     -43.700       0.421436
     -43.600       0.421233
     -43.500       0.421026
     -43.400       0.420815
     -43.300       0.420601
     -43.200       0.420384
     -43.100       0.420164
     -43.000       0.419940
     -42.900       0.419713
     -42.800       0.419483
     -42.700       0.419249
     -42.600       0.419013
     -42.500       0.418773
     -42.400       0.418531
     -42.300       0.418285
     -42.200       0.418037
     -42.100       0.417786
     -42.000       0.417532
     -41.900       0.417275
     -41.800       0.417016
     -41.700       0.416753
     -41.600       0.416489
     -41.500       0.416222
     -41.400       0.415953
     -41.300       0.415681
     -41.200       0.415407
     -41.100       0.415131
     -41.000       0.414853
     -40.900       0.414573
     -40.800       0.414291
     -40.700       0.414007
     -40.600       0.413721
     -40.500       0.413433
     -40.400       0.413144
     -40.300       0.412853
     -40.200       0.412560
     -40.100       0.412266
     -40.000       0.411970
     -39.900       0.411673
     -39.800       0.411374
     -39.700       0.411074
     -39.600       0.410773
     -39.500       0.410470
     -39.400       0.410166
     -39.300       0.409862
     -39.200       0.409556
     -39.100       0.409250
     -39.000       0.408943
     -38.900       0.408635
     -38.800       0.408327
     -38.700       0.408018
     -38.600       0.407709
     -38.500       0.407399
     -38.400       0.407089
     -38.300       0.406779
     -38.200       0.406469
     -38.100       0.406159
     -38.000       0.405849
     -37.900       0.405539
     -37.800       0.405230
     -37.700       0.404920
     -37.600       0.404611
     -37.500       0.404302
     -37.400       0.403994
     -37.300       0.403687
     -37.200       0.403380
     -37.100       0.403074
     -37.000       0.402768
     -36.900       0.402464
     -36.800       0.402160
     -36.700       0.401858
     -36.600       0.401556
     -36.500       0.401256
     -36.400       0.400957
     -36.300       0.400659
     -36.200       0.400363
     -36.100       0.400069
     -36.000       0.399776
     -35.900       0.399484
     -35.800       0.399195
     -35.700       0.398907
     -35.600       0.398622
     -35.500       0.398338
     -35.400       0.398057
     -35.300       0.397778
     -35.200       0.397501
     -35.100       0.397227
     -35.000       0.396955
     -34.900       0.396686
     -34.800       0.396420
     -34.700       0.396156
     -34.600       0.395895
     -34.500       0.395637
     -34.400       0.395382
     -34.300       0.395129
     -34.200       0.394880
     -34.100       0.394634
     -34.000       0.394391
     -33.900       0.394151
     -33.800       0.393914
     -33.700       0.393681
     -33.600       0.393451
     -33.500       0.393225
     -33.400       0.393002
     -33.300       0.392783
     -33.200       0.392567
     -33.100       0.392356
     -33.000       0.392148
     -32.900       0.391944
     -32.800       0.391744
     -32.700       0.391548
     -32.600       0.391357
     -32.500       0.391169
     -32.400       0.390986
     -32.300       0.390807
     -32.200       0.390633
     -32.100       0.390463
     -32.000       0.390297
     -31.900       0.390136
     -31.800       0.389980
     -31.700       0.389828
     -31.600       0.389681
     -31.500       0.389539
     -31.400       0.389401
     -31.300       0.389268
     -31.200       0.389140
     -31.100       0.389017
     -31.000       0.388898
     -30.900       0.388785
     -30.800       0.388676
     -30.700       0.388572
     -30.600       0.388473
     -30.500       0.388379
     -30.400       0.388290
     -30.300       0.388206
     -30.200       0.388127
     -30.100       0.388053
     -30.000       0.387985
     -29.900       0.387922
     -29.800       0.387864
     -29.700       0.387811
     -29.600       0.387763
     -29.500       0.387721
     -29.400       0.387684
     -29.300       0.387652
     -29.200       0.387626
     -29.100       0.387605
     -29.000       0.387589
     -28.900       0.387579
     -28.800       0.387573
     -28.700       0.387574
     -28.600       0.387579
     -28.500       0.387590
     -28.400       0.387606
     -28.300       0.387627
     -28.200       0.387653
     -28.100       0.387685
     -28.000       0.387721
     -27.900       0.387763
     -27.800       0.387810
     -27.700       0.387862
     -27.600       0.387919
     -27.500       0.387981
     -27.400       0.388048
     -27.300       0.388121
     -27.200       0.388198
     -27.100       0.388281
     -27.000       0.388368
     -26.900       0.388460
     -26.800       0.388558
     -26.700       0.388660
     -26.600       0.388767
     -26.500       0.388879
     -26.400       0.388996
     -26.300       0.389117
     -26.200       0.389244
     -26.100       0.389375
     -26.000       0.389510
     -25.900       0.389650
     -25.800       0.389795
     -25.700       0.389944
     -25.600       0.390098
     -25.500       0.390256
     -25.400       0.390418
     -25.300       0.390585
     -25.200       0.390755
     -25.100       0.390930
     -25.000       0.391108
     -24.900       0.391291
     -24.800       0.391477
     -24.700       0.391667
     -24.600       0.391861
     -24.500       0.392058
     -24.400       0.392260
     -24.300       0.392465
     -24.200       0.392673
     -24.100       0.392885
     -24.000       0.393101
     -23.900       0.393320
     -23.800       0.393542
     -23.700       0.393768
     -23.600       0.393997
     -23.500       0.394229
     -23.400       0.394464
     -23.300       0.394702
     -23.200       0.394943
     -23.100       0.395186
     -23.000       0.395433
     -22.900       0.395682
     -22.800       0.395933
     -22.700       0.396187
     -22.600       0.396444
     -22.500       0.396702
     -22.400       0.396963
     -22.300       0.397226
     -22.200       0.397491
     -22.100       0.397758
     -22.000       0.398027
     -21.900       0.398297
     -21.800       0.398569
     -21.700       0.398843
     -21.600       0.399119
     -21.500       0.399396
     -21.400       0.399674
     -21.300       0.399953
     -21.200       0.400234
     -21.100       0.400517
     -21.000       0.400800
     -20.900       0.401084
     -20.800       0.401369
     -20.700       0.401656
     -20.600       0.401943
     -20.500       0.402230
     -20.400       0.402519
     -20.300       0.402808
     -20.200       0.403097
     -20.100       0.403387
     -20.000       0.403677
     -19.900       0.403968
     -19.800       0.404258
     -19.700       0.404549
     -19.600       0.404840
     -19.500       0.405130
     -19.400       0.405420
     -19.300       0.405710
     -19.200       0.405999
     -19.100       0.406288
     -19.000       0.406577
     -18.900       0.406864
     -18.800       0.407151
     -18.700       0.407437
     -18.600       0.407723
     -18.500       0.408007
     -18.400       0.408291
     -18.300       0.408573
     -18.200       0.408854
     -18.100       0.409134
     -18.000       0.409413
     -17.900       0.409691
     -17.800       0.409968
     -17.700       0.410243
     -17.600       0.410516
     -17.500       0.410789
     -17.400       0.411059
     -17.300       0.411328
     -17.200       0.411595
     -17.100       0.411860
     -17.000       0.412123
     -16.900       0.412384
     -16.800       0.412643
     -16.700       0.412900
     -16.600       0.413155
     -16.500       0.413408
     -16.400       0.413658
     -16.300       0.413906
     -16.200       0.414151
     -16.100       0.414394
     -16.000       0.414634
     -15.900       0.414872
     -15.800       0.415107
     -15.700       0.415339
     -15.600       0.415569
     -15.500       0.415796
     -15.400       0.416020
     -15.300       0.416241
     -15.200       0.416459
     -15.100       0.416675
     -15.000       0.416887
     -14.900       0.417096
     -14.800       0.417302
     -14.700       0.417505
     -14.600       0.417705
     -14.500       0.417901
     -14.400       0.418095
     -14.300       0.418285
     -14.200       0.418471
     -14.100       0.418655
     -14.000       0.418835
     -13.900       0.419011
     -13.800       0.419184
     -13.700       0.419353
     -13.600       0.419519
     -13.500       0.419681
     -13.400       0.419840
     -13.300       0.419994
     -13.200       0.420146
     -13.100       0.420293
     -13.000       0.420436
     -12.900       0.420576
     -12.800       0.420712
     -12.700       0.420843
     -12.600       0.420971
     -12.500       0.421096
     -12.400       0.421216
     -12.300       0.421332
     -12.200       0.421445
     -12.100       0.421553
     -12.000       0.421658
     -11.900       0.421759
     -11.800       0.421855
     -11.700       0.421948
     -11.600       0.422037
     -11.500       0.422122
     -11.400       0.422203
     -11.300       0.422280
     -11.200       0.422353
     -11.100       0.422421
     -11.000       0.422486
     -10.900       0.422547
     -10.800       0.422603
     -10.700       0.422655
     -10.600       0.422703
     -10.500       0.422747
     -10.400       0.422787
     -10.300       0.422823
     -10.200       0.422855
     -10.100       0.422882
     -10.000       0.422906
      -9.900       0.422925
      -9.800       0.422941
      -9.700       0.422952
      -9.600       0.422959
      -9.500       0.422962
      -9.400       0.422961
      -9.300       0.422957
      -9.200       0.422948
      -9.100       0.422935
      -9.000       0.422918
      -8.900       0.422897
      -8.800       0.422873
      -8.700       0.422844
      -8.600       0.422812
      -8.500       0.422776
      -8.400       0.422735
      -8.300       0.422691
      -8.200       0.422644
      -8.100       0.422592
      -8.000       0.422536
      -7.900       0.422477
      -7.800       0.422414
      -7.700       0.422347
      -7.600       0.422277
      -7.500       0.422203
      -7.400       0.422125
      -7.300       0.422043
      -7.200       0.421958
      -7.100       0.421869
      -7.000       0.421777
      -6.900       0.421681
      -6.800       0.421582
      -6.700       0.421479
      -6.600       0.421373
      -6.500       0.421263
      -6.400       0.421150
      -6.300       0.421034
      -6.200       0.420915
      -6.100       0.420793
      -6.000       0.420667
      -5.900       0.420538
      -5.800       0.420407
      -5.700       0.420272
      -5.600       0.420134
      -5.500       0.419994
      -5.400       0.419850
      -5.300       0.419704
      -5.200       0.419554
      -5.100       0.419402
      -5.000       0.419247
      -4.900       0.419090
      -4.800       0.418929
      -4.700       0.418766
      -4.600       0.418601
      -4.500       0.418432
      -4.400       0.418262
      -4.300       0.418088
      -4.200       0.417913
      -4.100       0.417735
      -4.000       0.417555
      -3.900       0.417372
      -3.800       0.417188
      -3.700       0.417001
      -3.600       0.416812
      -3.500       0.416621
      -3.400       0.416429
      -3.300       0.416234
      -3.200       0.416037
      -3.100       0.415839
      -3.000       0.415639
      -2.900       0.415437
      -2.800       0.415234
      -2.700       0.415029
      -2.600       0.414823
      -2.500       0.414615
      -2.400       0.414406
      -2.300       0.414195
      -2.200       0.413983
      -2.100       0.413769
      -2.000       0.413555
      -1.900       0.413339
      -1.800       0.413122
      -1.700       0.412904
      -1.600       0.412685
      -1.500       0.412465
      -1.400       0.412244
      -1.300       0.412022
      -1.200       0.411800
      -1.100       0.411577
      -1.000       0.411353
      -0.900       0.411129
      -0.800       0.410904
      -0.700       0.410678
      -0.600       0.410453
      -0.500       0.410226
      -0.400       0.410000
      -0.300       0.409773
      -0.200       0.409547
      -0.100       0.409320
       0.000       0.409093