     -50.000       0.010842
     -49.900       0.011048
     -49.800       0.011249
     -49.700       0.011446
     -49.600       0.011636
     -49.500       0.011821
     -49.400       0.012000
     -49.300       0.012172
     -49.200       0.012336
     -49.100       0.012494
     -49.000       0.012643
     -48.900       0.012782
     -48.800       0.012913
     -48.700       0.013036
     -48.600       0.013151
     -48.500       0.013258
     -48.400       0.013357
     -48.300       0.013449
     -48.200       0.013534
     -48.100       0.013611
     -48.000       0.013680
     -47.900       0.013744
     -47.800       0.013799
     -47.700       0.013848
     -47.600       0.013889
     -47.500       0.013922
     -47.400       0.013948
     -47.300       0.013967
     -47.200       0.013978
     -47.100       0.013982
     -47.000       0.013979
     -46.900       0.013968
     -46.800       0.013950
     -46.700       0.013925
     -46.600       0.013893
     -46.500       0.013855
     -46.400       0.013810
     -46.300       0.013760
     -46.200       0.013703
     -46.100       0.013641
     -46.000       0.013573
     -45.900       0.013501
     -45.800       0.013423
     -45.700       0.013340
     -45.600       0.013250
     -45.500       0.013154
     -45.400       0.013051
     -45.300       0.012941
     -45.200       0.012824
     -45.100       0.012699
     -45.000       0.012566
     -44.900       0.012422
     -44.800       0.012270
     -44.700       0.012110
     -44.600       0.011943
     -44.500       0.011769
     -44.400       0.011589
     -44.300       0.011403
     -44.200       0.011212
     -44.100       0.011016
     -44.000       0.010816
     -43.900       0.010616
     -43.800       0.010411
     -43.700       0.010203
     -43.600       0.009991
     -43.500       0.009774
     -43.400       0.009554
     -43.300       0.009329
     -43.200       0.009099
     -43.100       0.008865
     -43.000       0.008626
     -42.900       0.008379
     -42.800       0.008128
     -42.700       0.007872
     -42.600       0.007610
     -42.500       0.007344
     -42.400       0.007074
     -42.300       0.006798
     -42.200       0.006518
     -42.100       0.006234
     -42.000       0.005946
     -41.900       0.005653
     -41.800       0.005356
     -41.700       0.005055
     -41.600       0.004750
     -41.500       0.004443
     -41.400       0.004132
     -41.300       0.003818
     -41.200       0.003502
     -41.100       0.003183
     -41.000       0.002863
     -40.900       0.002542
     -40.800       0.002220
     -40.700       0.001896
     -40.600       0.001571
     -40.500       0.001245
     -40.400       0.000918
     -40.300       0.000590
     -40.200       0.000261
     -40.100      -0.000068
     -40.000      -0.000398
     -39.900      -0.000729
     -39.800      -0.001060
     -39.700      -0.001391
     -39.600      -0.001723
     -39.500      -0.002055
     -39.400      -0.002387
     -39.300      -0.002720
     -39.200      -0.003054
     -39.100      -0.003388
     -39.000      -0.003722
     -38.900      -0.004059
     -38.800      -0.004397
     -38.700      -0.004734
     -38.600      -0.005070
     -38.500      -0.005405
     -38.400      -0.005738
     -38.300      -0.006069
     -38.200      -0.006398
     -38.100      -0.006723
     -38.000      -0.007044
     -37.900      -0.007357
     -37.800      -0.007666
     -37.700      -0.007970
     -37.600      -0.008270
     -37.500      -0.008565
     -37.400      -0.008855
     -37.300      -0.009140
     -37.200      -0.009421
     -37.100      -0.009697
     -37.000      -0.009970
     -36.900      -0.010240
     -36.800      -0.010505
     -36.700      -0.010766
     -36.600      -0.011023
     -36.500      -0.011275
     -36.400      -0.011521
     -36.300      -0.011763
     -36.200      -0.011999
     -36.100      -0.012228
     -36.000      -0.012452
     -35.900      -0.012670
     -35.800      -0.012881
     -35.700      -0.013084
     -35.600      -0.013280
     -35.500      -0.013469
     -35.400      -0.013649
     -35.300      -0.013821
     -35.200      -0.013983
     -35.100      -0.014137
     -35.000      -0.014281
     -34.900      -0.014414
     -34.800      -0.014537
     -34.700      -0.014650
     -34.600      -0.014753
     -34.500      -0.014847
     -34.400      -0.014930
     -34.300      -0.015003
     -34.200      -0.015067
     -34.100      -0.015120
     -34.000      -0.015164
     -33.900      -0.015198
     -33.800      -0.015222
     -33.700      -0.015236
     -33.600      -0.015240
     -33.500      -0.015234
     -33.400      -0.015218
     -33.300      -0.015192
     -33.200      -0.015155
     -33.100      -0.015109
     -33.000      -0.015053
     -32.900      -0.014987
     -32.800      -0.014912
     -32.700      -0.014827
     -32.600      -0.014731
     -32.500      -0.014624
     -32.400      -0.014505
     -32.300      -0.014376
     -32.200      -0.014234
     -32.100      -0.014080
     -32.000      -0.013914
     -31.900      -0.013733
     -31.800      -0.013539
     -31.700      -0.013332
     -31.600      -0.013114
     -31.500      -0.012884
     -31.400      -0.012643
     -31.300      -0.012391
     -31.200      -0.012128
     -31.100      -0.011856
     -31.000      -0.011574
     -30.900      -0.011286
     -30.800      -0.010989
     -30.700      -0.010683
     -30.600      -0.010369
     -30.500      -0.010045
     -30.400      -0.009713
     -30.300      -0.009373
     -30.200      -0.009024
     -30.100      -0.008667
     -30.000      -0.008302
     -29.900      -0.007928
     -29.800      -0.007545
     -29.700      -0.007156
     -29.600      -0.006759
     -29.500      -0.006355
     -29.400      -0.005944
     -29.300      -0.005527
     -29.200      -0.005103
     -29.100      -0.004673
     -29.000      -0.004237
     -28.900      -0.003795
     -28.800      -0.003348
     -28.700      -0.002896
     -28.600      -0.002439
     -28.500      -0.001978
     -28.400      -0.001512
     -28.300      -0.001042
     -28.200      -0.000569
     -28.100      -0.000093
     -28.000       0.000386
     -27.900       0.000868
     -27.800       0.001351
     -27.700       0.001836
     -27.600       0.002321
     -27.500       0.002805
     -27.400       0.003289
     -27.300       0.003771
     -27.200       0.004251
     -27.100       0.004727
     -27.000       0.005200
     -26.900       0.005665
     -26.800       0.006126
     -26.700       0.006583
     -26.600       0.007035
     -26.500       0.007483
     -26.400       0.007927
     -26.300       0.008367
     -26.200       0.008803
     -26.100       0.009235
     -26.000       0.009664
     -25.900       0.010093
     -25.800       0.010519
     -25.700       0.010939
     -25.600       0.011354
     -25.500       0.011762
     -25.400       0.012163
     -25.300       0.012555
     -25.200       0.012938
     -25.100       0.013310
     -25.000       0.013672
     -24.900       0.014017
     -24.800       0.014349
     -24.700       0.014669
     -24.600       0.014977
     -24.500       0.015271
     -24.400       0.015553
     -24.300       0.015823
     -24.200       0.016079
     -24.100       0.016324
     -24.000       0.016555
     -23.900       0.016777
     -23.800       0.016985
     -23.700       0.017182
     -23.600       0.017365
     -23.500       0.017535
     -23.400       0.017692
     -23.300       0.017836
     -23.200       0.017966
     -23.100       0.018083
     -23.000       0.018185
     -22.900       0.018273
     -22.800       0.018347
     -22.700       0.018406
     -22.600       0.018450
     -22.500       0.018479
     -22.400       0.018493
     -22.300       0.018492
     -22.200       0.018475
     -22.100       0.018442
     -22.000       0.018394
     -21.900       0.018330
     -21.800       0.018249
     -21.700       0.018153
     -21.600       0.018041
     -21.500       0.017913
     -21.400       0.017770
     -21.300       0.017610
     -21.200       0.017435
     -21.100       0.017244
     -21.000       0.017038
     -20.900       0.016815
     -20.800       0.016577
     -20.700       0.016325
     -20.600       0.016058
     -20.500       0.015778
     -20.400       0.015485
     -20.300       0.015179
     -20.200       0.014861
     -20.100       0.014532
     -20.000       0.014191
     -19.900       0.013842
     -19.800       0.013482
     -19.700       0.013112
     -19.600       0.012730
     -19.500       0.012338
     -19.400       0.011935
     -19.300       0.011521
     -19.200       0.011096
     -19.100       0.010661
     -19.000       0.010214
     -18.900       0.009755
     -18.800       0.009285
     -18.700       0.008806
     -18.600       0.008318
     -18.500       0.007821
     -18.400       0.007317
     -18.300       0.006806
     -18.200       0.006288
     -18.100       0.005764
     -18.000       0.005234
     -17.900       0.004700
     -17.800       0.004162
     -17.700       0.003620
     -17.600       0.003074
     -17.500       0.002525
     -17.400       0.001975
     -17.300       0.001422
     -17.200       0.000868
     -17.100       0.000314
     -17.000      -0.000241
     -16.900      -0.000793
     -16.800      -0.001345
     -16.700      -0.001895
     -16.600      -0.002444
     -16.500      -0.002991
     -16.400      -0.003536
     -16.300      -0.004078
     -16.200      -0.004618
     -16.100      -0.005155
     -16.000      -0.005689
     -15.900      -0.006222
     -15.800      -0.006751
     -15.700      -0.007275
     -15.600      -0.007795
     -15.500      -0.008309
     -15.400      -0.008817
     -15.300      -0.009319
     -15.200      -0.009814
     -15.100      -0.010301
     -15.000      -0.010779
     -14.900      -0.011249
     -14.800      -0.011710
     -14.700      -0.012160
     -14.600      -0.012600
     -14.500      -0.013030
     -14.400      -0.013448
     -14.300      -0.013855
     -14.200      -0.014250
     -14.100      -0.014632
     -14.000      -0.015001
     -13.900      -0.015357
     -13.800      -0.015699
     -13.700      -0.016028
     -13.600      -0.016343
     -13.500      -0.016644
     -13.400      -0.016932
     -13.300      -0.017206
     -13.200      -0.017465
     -13.100      -0.017711
     -13.000      -0.017942
     -12.900      -0.018160
     -12.800      -0.018363
     -12.700      -0.018550
     -12.600      -0.018723
     -12.500      -0.018881
     -12.400      -0.019024
     -12.300      -0.019151
     -12.200      -0.019262
     -12.100      -0.019359
     -12.000      -0.019440
     -11.900      -0.019507
     -11.800      -0.019558
     -11.700      -0.019594
     -11.600      -0.019613
     -11.500      -0.019616
     -11.400      -0.019603
     -11.300      -0.019572
     -11.200      -0.019524
     -11.100      -0.019458
     -11.000      -0.019374
     -10.900      -0.019268
     -10.800      -0.019144
     -10.700      -0.019003
     -10.600      -0.018844
     -10.500      -0.018669
     -10.400      -0.018478
     -10.300      -0.018271
     -10.200      -0.018050
     -10.100      -0.017815
     -10.000      -0.017566
      -9.900      -0.017310
      -9.800      -0.017041
      -9.700      -0.016759
      -9.600      -0.016466
      -9.500      -0.016161
      -9.400      -0.015844
      -9.300      -0.015515
      -9.200      -0.015173
      -9.100      -0.014819
      -9.000      -0.014453
      -8.900      -0.014072
      -8.800      -0.013679
      -8.700      -0.013273
      -8.600      -0.012856
      -8.500      -0.012427
      -8.400      -0.011987
      -8.300      -0.011536
      -8.200      -0.011074
      -8.100      -0.010603
      -8.000      -0.010122
      -7.900      -0.009632
      -7.800      -0.009134
      -7.700      -0.008629
      -7.600      -0.008117
      -7.500      -0.007600
      -7.400      -0.007078
      -7.300      -0.006551
      -7.200      -0.006021
      -7.100      -0.005488
      -7.000      -0.004952
      -6.900      -0.004415
      -6.800      -0.003877
      -6.700      -0.003337
      -6.600      -0.002795
      -6.500      -0.002253
      -6.400      -0.001710
      -6.300      -0.001167
      -6.200      -0.000624
      -6.100      -0.000081
      -6.000       0.000461
      -5.900       0.001001
      -5.800       0.001539
      -5.700       0.002075
      -5.600       0.002608
      -5.500       0.003137
      -5.400       0.003663
      -5.300       0.004186
      -5.200       0.004704
      -5.100       0.005218
      -5.000       0.005727
      -4.900       0.006233
      -4.800       0.006734
      -4.700       0.007229
      -4.600       0.007717
      -4.500       0.008197
      -4.400       0.008669
      -4.300       0.009131
      -4.200       0.009583
      -4.100       0.010024
      -4.000       0.010453
      -3.900       0.010867
      -3.800       0.011267
      -3.700       0.011656
      -3.600       0.012031
      -3.500       0.012394
      -3.400       0.012744
      -3.300       0.013081
      -3.200       0.013406
      -3.100       0.013718
      -3.000       0.014018
      -2.900       0.014307
      -2.800       0.014583
      -2.700       0.014846
      -2.600       0.015096
      -2.500       0.015333
      -2.400       0.015556
      -2.300       0.015766
      -2.200       0.015961
      -2.100       0.016142
      -2.000       0.016308
      -1.900       0.016460
      -1.800       0.016597
      -1.700       0.016718
      -1.600       0.016824
      -1.500       0.016914
      -1.400       0.016988
      -1.300       0.017045
      -1.200       0.017085
      -1.100       0.017109
      -1.000       0.017116
      -0.900       0.017104
      -0.800       0.017075
      -0.700       0.017029
      -0.600       0.016968
      -0.500       0.016891
      -0.400       0.016798
      -0.300       0.016690
      -0.200       0.016568
      -0.100       0.016431
       0.000       0.016280